0.000000000000000000e+00
-4.285130352553742443e-04
-1.158443492144031143e-03
-9.431346863622063143e-04
-4.514453522068944801e-04
-6.253802486023123802e-04
-7.084607780521488623e-05
-1.415343160093358226e-04
8.924838995372126344e-04
1.632503510823448637e-03
8.842757868536380321e-04
3.725947732492253012e-04
-7.128884168365658158e-05
3.064831697884656488e-04
7.578629565861813491e-04
3.050000587539405559e-04
-1.495458375621793942e-04
-9.902210400749261298e-04
-1.768500077979724781e-03
-2.356441834277322924e-03
-2.715076117983341707e-03
-3.354942012226815994e-03
-3.187324945560829348e-03
-8.440024371045981230e-04
-9.109441603910337993e-04
-4.305150651613776709e-04
-8.310823798789269490e-04
-1.317171242097768763e-04
-7.155013801711674205e-05
1.425740702262754452e-04
-1.787635358167411512e-04
-2.832528220667022045e-04
1.112699699081526371e-03
8.112565817023118615e-04
1.274888377640495110e-03
1.653778451812107754e-03
1.019062922405764016e-03
1.663688323400768702e-04
-6.613604673011083419e-04
-1.657458673748611697e-03
-2.479835892223283865e-04
1.316937086708513693e-05
7.974768649827351839e-05
5.462364991948768069e-04
-5.689463568735673429e-04
-7.232251879022543860e-04
-8.380487257638722688e-04
-4.162623473009711104e-04
-4.954461645187864787e-04
3.671012046642797670e-04
2.937496958972332260e-04
5.147348746972292338e-04
-5.186490309062318253e-04
-3.320271593175792412e-04
6.420601829815225821e-04
1.148902570200111125e-03
5.679155489760658862e-04
-8.809632203258445523e-05
-5.992156682491309996e-04
2.828208384476055401e-04
-2.462396194218419284e-04
5.483497505217198092e-04
1.400468561063750780e-03
1.046014753240690582e-03
1.557907449235864956e-03
1.500160793251789290e-03
1.586321604765960963e-03
7.574067042926829491e-04
1.260550061571427682e-03
8.475798920012736232e-04
4.713462142814871768e-04
7.763285206840567004e-04
5.345296728630357470e-04
3.342342526587071465e-04
5.186570714473271717e-04
6.914305223615969422e-04
1.882439040811181331e-03
2.387227753151291779e-03
3.109334263626379029e-03
1.637142197507876658e-03
6.275266512092911309e-04
2.083988573335309510e-03
2.737191825792396199e-03
1.447289321972425108e-03
1.608536396392568546e-03
1.087173898025422776e-03
9.169900154309199025e-04
8.919466275967201591e-04
2.155421959605814111e-04
-1.059817189275197167e-04
1.311038350291414086e-04
1.150338563348598121e-03
1.800613978812614681e-03
1.627423328254784269e-03
2.303415727392636638e-03
1.677841595916670621e-03
1.954829167149146462e-03
1.333964922039043407e-03
1.746745587582778291e-03
2.032943782042581898e-03
2.063758946111512223e-03
2.389487004589386197e-03
2.704111157949946886e-03
1.968021893700567897e-03
3.833206113088324755e-04
5.852464262693957446e-04
-1.114884516070777977e-04
-9.291621548576617200e-04
-1.621056518490442914e-03
-1.730252461989952853e-03
-2.223950278721964491e-03
-1.593130876966001230e-03
-1.159695773597998461e-03
-8.301990202890058247e-04
-6.507302635050254969e-04
-1.805448396900404386e-04
-1.147290216499970107e-03
-1.867554746471767214e-03
-1.460370714129423462e-03
-4.203095691401070085e-04
-7.209795095618952897e-06
1.263250449702084215e-03
1.661195288175191034e-03
2.125856123250444759e-03
3.077231441952810436e-03
2.223614580451304702e-03
3.300478974828752361e-03
2.348085038890261426e-03
2.590789875836918207e-03
1.428056581510152561e-03
1.056029263325061404e-03
1.028361786661671990e-03
6.803920306825339201e-04
-6.495441116911104893e-05
-2.147172517190095256e-04
-8.118610679492898425e-04
-1.718572701203036415e-03
-2.200944081442740823e-03
-2.241936889554450429e-03
-2.246531310301389146e-03
-2.246105111769056226e-03
-2.072990846242435316e-03
1.110834913685750103e-03
2.176798389419701968e-03
3.492990449862228811e-04
4.497367345085368970e-04
8.203237360238981599e-04
8.022026352585280877e-04
1.782854098072872906e-03
6.493937378179490518e-04
1.475107907738025179e-03
7.067245452689045098e-04
2.592993644996918756e-04
6.383657139328818928e-04
3.501294209138081158e-04
6.004216957899608745e-04
6.130500224825145145e-04
-2.975909394054722769e-04
-1.457956888326945692e-03
-1.231748053763069908e-03
-1.663184386512192321e-03
-1.094094331705380927e-03
-2.423583907427969558e-03
-2.463571618746879591e-03
-2.568732795155580055e-03
-2.485397543395449597e-03
-1.230812566605344856e-03
-7.725169690023893972e-04
-1.211764427976925757e-03
-3.035841858972744122e-03
-3.617830469465854910e-03
-2.326401825001869848e-03
-2.609145117543585322e-03
-3.238143551655868740e-03
-3.078685108720708493e-03
-3.161903755373434138e-03
-3.662236817726286127e-03
-2.168691908997340441e-03
-3.099138105918230763e-03
-1.876964888793890979e-03
-1.701201839248171884e-03
-2.426127941707348096e-03
-1.670312484057208564e-03
-1.775729415718296789e-03
-2.093817327158565850e-03
-1.974844336922988979e-03
-2.669610987403426162e-03
-4.055496787716623280e-03
-5.025844045982458090e-03
-3.360382808876270951e-03
-3.082539371080535249e-03
-1.538697795962205329e-03
-7.481486757325013330e-04
-1.971625397943236810e-03
-1.462873500247076353e-03
-1.541546061818982200e-03
9.108635699366302626e-05
8.236551288689499765e-04
5.533680720956578314e-04
1.491246025893789391e-03
1.732416918701253170e-03
1.333290029594065909e-03
9.076384016187071489e-04
1.547525658277256822e-03
2.509317370302928136e-03
1.889677448580291382e-03
1.374476241729154398e-03
1.367968558372373951e-03
7.007097472440228323e-04
1.679654528489676977e-03
1.875868832758304742e-03
1.653577897433988492e-03
1.587375314049409986e-03
1.355294200372249985e-03
1.825746405101175314e-03
1.387356314115863274e-03
1.204406427550857445e-03
1.813079561512532427e-03
1.795955596651972524e-03
1.810317114573806695e-03
1.387641264254287727e-03
2.136631787273998977e-03
3.270477929923074241e-03
4.576192428358125640e-03
4.226221494007887172e-03
3.959446751315465717e-03
3.477581841568505843e-03
2.805609407617768239e-03
2.363162352646224970e-03
2.754348997938727093e-03
2.496650138580819994e-03
2.788923656121066776e-03
2.069040563163685679e-03
1.229757994801747648e-03
9.313794736422516957e-04
3.807268307135442450e-04
6.419268170143045378e-04
1.080867836209178185e-03
1.645338781198434866e-04
-9.754125475420929829e-04
1.026866574741221822e-04
-2.254508500950922791e-04
3.310292251553793581e-04
-4.741946734731472524e-04
-6.298126686378467708e-05
-5.058984235668740259e-04
-1.590762585133857505e-03
-2.819924082580237915e-03
-2.594597831522115622e-03
-1.080868496684897007e-03
-1.842514922284818190e-04
1.758875514722800916e-04
6.189247991958068355e-04
9.798903794152416004e-04
3.727001796537363380e-04
4.301646732402641254e-04
1.541068989024560964e-04
1.235143111260798929e-03
1.962955180919909431e-03
1.014496451654096866e-03
5.523348674292183260e-04
7.629211138824967039e-04
3.600629207067360268e-04
1.206429181171603726e-03
-7.314500878180706035e-05
-1.911488905157245359e-04
-1.302183414912036204e-04
-3.680525517278197410e-04
-7.278115300912279401e-04
-5.364606433712302029e-04
-1.420355341361829310e-03
-1.264590109629256526e-03
-1.455776791595143156e-03
-1.030169800895234513e-03
-1.317807498757548115e-03
-1.406636327665049127e-03
-2.098908904071178621e-03
-2.419864286641830800e-03
-1.769549415745635653e-03
-4.042488304525778623e-04
-2.524638796311329866e-04
1.472549254252901473e-04
-7.757640112346290799e-04
-1.314237369598490919e-03
-9.874649028353285965e-04
-9.933991228468729267e-04
-9.303985252545763024e-04
-1.228093096217414441e-03
-1.718911807242574702e-03
-8.210720063337629973e-04
-1.469746091472582837e-03
7.103012430642622818e-04
1.786353420175627220e-03
6.691932205262928661e-04
5.467668168054436650e-04
7.718247301172903585e-04
2.306986911451236282e-04
-1.680255471385315837e-03
-2.282861148103267675e-03
-2.043502788149079846e-03
3.877367614385955684e-04
1.187637999203290922e-03
9.622358556953380243e-04
1.137281435855915564e-03
6.260272970234787579e-04
6.425492825460703522e-05
-2.014088190518016218e-04
3.477283525636213116e-04
7.223244583506731624e-04
1.474477519541733499e-03
1.252656224995883248e-03
1.816827454830541189e-05
-1.048246308672965950e-03
-1.933099483766613546e-03
-1.419766647004916046e-03
-2.474356709081049557e-03
-2.355614630400634704e-03
-1.945638017539733956e-03
-1.337941863689712891e-03
-1.188659651708686912e-03
-3.478300817819722892e-04
-1.470625757821285469e-03
-2.438879919097958952e-04
-4.762653995800060405e-04
4.506679556825164950e-05
1.242144245807637413e-03
-4.204744103965804748e-05
7.429982781685664454e-04
4.602011472528319243e-04
1.593709775279028920e-03
8.050221883036791457e-04
6.695103726236526420e-04
-2.138745987233721965e-04
1.918515391697966357e-03
1.074448934398656522e-03
8.678326451543260343e-04
1.196087879481022055e-03
1.221777140304547340e-03
1.739167507170740964e-03
2.224150908323213778e-03
1.069502059908932151e-03
1.039131204196056327e-03
6.826358252606235227e-04
3.270757671871009109e-05
-1.838394073048944149e-04
1.102146719887806187e-04
-2.273013536276635672e-04
3.749559609842105599e-04
2.365692154693185801e-04
4.973007647933570070e-04
1.743592261819791947e-04
-1.608912196492436140e-03
-7.758990916292710441e-04
-3.847686284048123032e-04
-1.305682690827800630e-03
-9.468291918350622101e-04
-8.408489734611385722e-04
-4.650041672365984660e-04
-1.210879390338394438e-06
2.827354293657927600e-05
-1.145347614040913287e-03
-1.738926792065596935e-03
-1.662450630794038743e-03
-1.640419768553311869e-03
-1.981897379511185324e-03
-1.247101828223244786e-03
-1.720959408336253469e-03
-1.251484483963401445e-03
-1.287207141152475840e-03
1.802158663989523730e-04
1.011278570719084191e-03
5.339397014433902274e-04
3.823987230428739395e-05
3.866800143927594225e-04
-4.700168394548668595e-04
-7.192742000408373004e-04
-9.312225704522225644e-04
-1.374647206205228348e-03
-7.136612281013609161e-04
-6.185442695018486320e-04
1.128160668407383709e-03
7.753140775776027997e-04
-5.898671180440653492e-05
4.252922318084257193e-04
-8.689781215094529582e-04
2.321156793767716595e-04
8.912552832150652006e-04
1.341068328638565961e-03
6.194419375771699618e-04
-1.483032596765996333e-04
5.207238976481928187e-04
-2.181703674413664840e-04
3.759548927374183991e-04
8.766622377460496843e-04
4.746324334586296176e-04
8.558980585725191326e-04
3.912242334706915849e-04
8.244113661287251482e-04
1.373592185926548331e-03
9.511623025570524080e-04
9.766438689130466783e-04
1.758195781691504218e-03
1.759086220993746940e-03
6.995467748423956494e-04
1.244890154625093344e-03
1.167867328057218494e-03
1.021356520891021245e-03
7.976672041789172139e-04
1.311156897550320478e-03
1.847499694862168949e-03
2.077435090214416104e-03
1.988630467327108780e-03
2.660990566263985585e-03
3.193685939026816301e-03
2.871405381058476491e-03
1.397091665206138264e-03
7.241465362771421074e-04
-1.076266299312374133e-03
-8.107851101351809878e-04
-8.092045100215243623e-04
1.740944488566741771e-05
-7.920883921795802973e-04
-1.107282941816412200e-03
-1.083654573473670545e-03
-2.323581201862998504e-04
-3.106970611872234434e-04
4.960367412944589145e-04
-7.628464979743324178e-04
-5.597004311702967298e-04
-9.759302424926553660e-04
2.847542426683351247e-06
-5.024350894016535842e-04
-6.996621653419948534e-04
-9.642047993407137094e-04
-5.001500773653643189e-04
-3.128878796611710817e-04
-4.623027130013082154e-04
-6.374064248681335972e-04
-2.875582259341740257e-04
-4.332401069457837641e-04
-1.239216727868882369e-03
1.772065800745542649e-04
-7.651902170636657721e-04
-8.053410367512729229e-04
1.431283115744840840e-04
-3.574419934881543828e-04
-7.260544091370110115e-04
-2.097840337202622283e-03
-4.746962458023178274e-04
-1.004855413410373020e-03
-3.724952819455148718e-04
2.636403602123790118e-04
1.555304428922556735e-03
2.280343902814382061e-03
5.033722322977884911e-03
1.220386720357182278e-02
3.171505415281471174e-02
8.505808687843703642e-02
2.298516586788092175e-01
6.227687872830081073e-01
1.629608438974203599e+00
2.481346036430538859e+00
5.556420803482010617e-01
1.183246471517786502e-01
2.512313245027787689e-02
4.913715230041891709e-03
2.216260828790209483e-03
2.509008074941249458e-03
3.813460061348031976e-03
3.654414692969031909e-03
3.475336398012272322e-03
3.322850450561218999e-03
3.567472996593715456e-03
5.020039257328294535e-03
5.185927428144988978e-03
5.768698780325495247e-03
5.261162891570668639e-03
4.163288931747412096e-03
2.735022556733271177e-03
2.060170712220542582e-03
2.470317053035147106e-03
2.184193840700242566e-03
2.359137459729725942e-03
1.762825030200589841e-03
-9.017301379731305618e-05
-1.522489588820066976e-05
-6.463879235045306634e-04
1.363839439862771252e-04
1.432471111054381451e-03
2.085510476869908199e-03
1.213704680711956115e-03
1.868564147080373997e-03
1.960670078993132209e-03
2.428546988715639052e-03
1.344145756608457892e-03
1.338808491718674167e-03
9.121589231629224524e-04
8.909585813784685502e-04
1.331338618153151982e-03
2.329254663113907321e-03
8.504563868275985756e-04
1.192802053032266697e-03
1.152448327309795514e-03
2.496791810488726421e-03
2.652117531632825279e-03
2.962467170906604719e-03
4.243814651504496452e-03
3.661600938402980853e-03
4.065046845170337472e-03
3.497161140262066651e-03
2.835256007522679936e-03
3.449525547750531725e-03
3.698412853375618314e-03
4.201263231642650593e-03
4.001834393079330490e-03
4.243122710125278238e-03
3.360558812929817681e-03
1.918945342729977887e-03
9.858122449779827511e-04
1.333694052496475985e-03
1.115447023116968505e-03
1.204039811241946730e-03
1.998691860066014857e-03
2.372383065409493404e-03
2.687224177448856166e-03
3.120136303767453816e-03
3.204840133152090514e-03
3.385833600745693627e-03
3.548864821349571354e-03
3.519444540219474234e-03
3.149425190883990006e-03
2.408020813647083602e-03
1.855298475510003785e-03
1.672813489193380673e-03
2.242062746667787456e-03
1.726028808720125917e-03
1.729352675154509746e-03
2.883891970737214108e-03
1.804162151137280639e-03
8.555398390960978301e-04
1.107488027887846551e-03
1.354518188821841494e-03
2.155673880498610966e-03
3.999727984725066042e-03
4.830660030573363795e-03
4.341457117537750321e-03
3.353190661725237789e-03
2.968451901725682827e-03
3.646778604395431531e-03
3.779898607223194321e-03
3.498519412962030738e-03
3.892353468861591351e-03
4.036971560784141655e-03
4.686160643744595802e-03
4.577158679647904370e-03
5.515953715372431086e-03
4.756546618501663465e-03
6.160586336272597455e-03
6.989911494479257581e-03
6.896456452828281410e-03
6.749667814684542043e-03
4.457759522148244287e-03
4.089062704467959740e-03
4.220077165836283971e-03
4.245741769506784606e-03
4.069244349595011433e-03
3.840749559097050847e-03
5.139092860230690119e-03
5.983684102806479006e-03
6.260326761680328270e-03
6.468870595614403980e-03
6.942905863780428344e-03
7.214491512727886149e-03
7.225183179966726890e-03
7.139121858657603362e-03
8.098196212073039899e-03
7.473595342074939099e-03
6.301116617692308595e-03
6.741062826894217951e-03
7.701508594396790607e-03
6.637255764984652771e-03
5.912158827526138583e-03
6.740333228367297556e-03
6.332304972154936817e-03
7.164252431209472936e-03
7.897655759139971324e-03
7.767974510129133786e-03
6.513741653826156386e-03
6.291999019167916762e-03
7.337481084071857847e-03
7.191945281143619605e-03
7.005605583339165852e-03
6.035595238602843582e-03
5.754570306759142911e-03
4.515928689800509030e-03
4.084232678538250901e-03
3.611415079713379758e-03
4.170732139513792791e-03
3.789016186033027176e-03
3.856603032074654245e-03
5.514465681824974597e-03
7.251637540591888975e-03
6.942670180973178895e-03
7.966726396252286554e-03
8.651684288249597565e-03
8.934900018212945869e-03
8.556995048683046709e-03
8.133396553980825824e-03
8.239077945162322572e-03
9.404883387875642362e-03
9.875817671466774819e-03
1.081436378250269503e-02
1.041517653614567121e-02
1.114767220620954680e-02
1.108297359453850293e-02
1.026213090066597014e-02
1.001894035422626512e-02
9.749140930563386653e-03
9.732238996174811738e-03
1.050246397561223864e-02
1.115412832379454600e-02
1.148503548364491686e-02
1.191860923458692122e-02
1.458477408818925625e-02
1.468498884217898752e-02
1.368625201951612774e-02
1.406326100489736775e-02
1.404884607419514854e-02
1.410540547224865132e-02
1.464730674741774458e-02
1.559980295678794864e-02
1.597587639433162288e-02
1.587836286625488730e-02
1.608527586890569003e-02
1.535245864255019993e-02
1.434316903342807564e-02
1.415292794827593438e-02
1.312338296331482662e-02
1.267419649954240612e-02
1.259701113257712980e-02
1.305596863900871686e-02
1.248808306814189195e-02
1.208378686181396829e-02
1.120532627873623011e-02
1.119689386393144317e-02
1.289197625988696555e-02
1.266323899940698453e-02
1.277316013748734137e-02
1.293254281153354696e-02
1.307627837862703792e-02
1.364452234538627434e-02
1.319764103692722818e-02
1.374239988224555675e-02
1.605386648549542508e-02
1.589122579096542351e-02
1.717879415723355327e-02
1.756123925372348599e-02
1.877694235933125011e-02
1.937832320828224847e-02
1.951634367487870003e-02
2.044949432878473417e-02
1.961254302676293179e-02
1.890430212230735652e-02
1.787214575184370782e-02
1.723949585505175561e-02
1.723935968935948540e-02
1.752410713434245787e-02
1.707264244744233217e-02
1.788360453657202725e-02
1.871543434025242300e-02
1.807866443886161148e-02
1.841522614373560310e-02
1.954769238381632093e-02
1.895857186187439869e-02
1.828129357889114390e-02
1.719008602069185127e-02
1.804243602138782057e-02
1.866914932807565292e-02
1.900871223594186032e-02
1.913549883825553521e-02
2.135098769704320623e-02
2.251940880354103003e-02
2.277590848048950678e-02
2.237955220676957069e-02
2.323139735565990863e-02
2.309872104286134209e-02
2.382761118860793337e-02
2.464285002385543585e-02
2.476733391737753753e-02
2.440143635822405663e-02
2.511247936164757305e-02
2.563324746652383482e-02
2.527436612781951142e-02
2.572340421270764149e-02
2.622262804972596770e-02
2.593760061930866501e-02
2.500432135167792239e-02
2.555273385117506901e-02
2.612849882006265667e-02
2.654357275822275680e-02
2.693493842041980862e-02
2.740992713487202040e-02
2.771932057530027832e-02
2.684537143065423778e-02
2.710075047034179660e-02
2.616154570402600202e-02
2.700005841774774651e-02
2.857316174666083008e-02
3.045710173287011907e-02
2.980287715243882390e-02
2.945766001504442413e-02
3.062780773900487807e-02
3.150485405935764260e-02
3.240315314785303935e-02
3.214372592746768398e-02
3.383299847115757431e-02
3.471608285767346924e-02
3.413649091008021108e-02
3.425261066501544827e-02
3.510880340644676606e-02
3.627421253690463893e-02
3.620452554151333546e-02
3.431827734600945146e-02
3.446834171422925169e-02
3.484401746434136887e-02
3.384273488665091173e-02
3.509019651830255770e-02
3.535293975640831088e-02
3.563811077438437669e-02
3.515748309113674724e-02
3.579269033713877030e-02
3.614585350181707263e-02
3.667895600276729201e-02
3.769674639821957163e-02
3.840865304081128584e-02
3.884323575573046111e-02
3.818956120827732975e-02
3.774655643201035859e-02
3.785364955207005944e-02
3.878172338100802086e-02
3.953059398945649172e-02
4.059254242183650552e-02
4.119161852946464503e-02
4.260040564252295936e-02
4.338708955330521783e-02
4.382896151175952326e-02
4.372229245891260524e-02
4.343028160979350849e-02
4.302578757022168521e-02
4.270125077782786771e-02
4.150931972210471915e-02
4.217718351736553933e-02
4.217984422727732996e-02
4.335533583781207151e-02
4.231969288593960543e-02
4.159037506491901348e-02
4.221065761185469750e-02
4.156843591773393132e-02
4.188113429880224031e-02
4.235599163588076727e-02
4.252932958281728515e-02
4.238416711699753009e-02
4.200461460702856892e-02
4.248686415727414428e-02
4.189235934838726055e-02
4.260959700331937855e-02
4.162981253518551611e-02
4.137917643413010355e-02
4.190683752948446555e-02
4.206470639200413780e-02
4.180302401568148501e-02
4.122779937831685948e-02
4.042017138169422957e-02
4.093828132284499377e-02
4.291738489341125062e-02
4.357546074380401480e-02
4.458670551864385434e-02
4.473820677805816909e-02
4.640427489246439635e-02
4.650374219078627636e-02
4.533131081892095154e-02
4.697664448881923999e-02
4.689685537632148904e-02
4.732524533955050766e-02
4.762154837291888987e-02
4.705048128503428601e-02
4.638510796031156125e-02
4.749459224440590044e-02
4.749059911366299014e-02
4.772086092998692464e-02
4.937392802562046851e-02
4.933817144516379483e-02
5.023548935981633767e-02
4.928719355647068895e-02
4.800426968434937797e-02
4.765623834127180602e-02
4.805371404569504235e-02
4.733333021909460342e-02
4.757067668569103791e-02
4.916627011002608350e-02
5.064390262329363651e-02
5.183902813928425307e-02
5.159837002136700296e-02
5.306156467266556764e-02
5.343643538368562235e-02
5.370778136478798759e-02
5.454996149792739474e-02
5.419402940673606617e-02
5.377654157813959584e-02
5.459574170337683219e-02
5.392101152483940590e-02
5.324900431232540421e-02
5.236718761539749245e-02
5.284597129453681014e-02
5.231363918511616751e-02
4.972693580761061716e-02
5.007021202956402073e-02
5.004231394110904285e-02
4.942404039428805601e-02
4.915769771516164538e-02
4.900357682048445823e-02
4.930989112780842509e-02
4.905778814139123006e-02
4.988353870141634672e-02
5.001720996859705670e-02
5.079686183990510945e-02
5.017320872037255713e-02
5.072762826548091880e-02
5.084530751802116694e-02
5.055893585605115981e-02
5.208916986183061149e-02
5.190218548077122490e-02
5.274301380650983639e-02
5.367521185121877647e-02
5.379243147932122326e-02
5.274913241547383308e-02
5.327601162270870910e-02
5.461874338254795597e-02
5.441890195300658206e-02
5.520015411902012142e-02
5.513852416593209571e-02
5.563137524112776733e-02
5.453807267060150482e-02
5.440530393003102649e-02
5.429618311588330082e-02
5.336745841013234432e-02
5.270756030340140175e-02
5.298081270593731074e-02
5.413887087730703818e-02
5.467400113979930393e-02
5.396089355021449485e-02
5.525463799318435648e-02
5.502066933169222351e-02
5.435715922718317716e-02
5.536716111997486145e-02
5.480263510482955708e-02
5.474649700044912498e-02
5.318701175658396146e-02
5.319195190035520826e-02
5.436317545901192538e-02
5.367661810628775870e-02
5.381003956878351036e-02
5.319500146214753422e-02
5.367406004962768651e-02
5.313414682704672987e-02
5.610829275471922867e-02
5.667885145233356181e-02
5.683709520270824322e-02
5.600831723763937536e-02
5.645062554771183155e-02
5.533308472051894772e-02
5.643486214390822098e-02
5.558889102732227777e-02
5.530666863276321316e-02
5.576686061790708804e-02
5.697002850060796375e-02
5.701332506911443304e-02
5.591794439311820186e-02
5.655558335948717569e-02
5.645133293230763377e-02
5.691539688804401337e-02
5.600335215062678812e-02
5.634505129061713469e-02
5.660884141516456941e-02
5.742150797044975885e-02
5.771399772102064896e-02
5.819713348315436185e-02
5.748042496602254886e-02
5.704438360860374785e-02
5.624976414165088617e-02
5.585700261076801537e-02
5.552345551383185834e-02
5.622429310832367799e-02
5.733466699423314661e-02
5.734494275860535506e-02
5.767020252004739778e-02
5.854187202404825124e-02
5.943122382177467439e-02
3.285155189278846782e-02
5.633401433048706997e-02
5.853124446461362151e-02
5.880939268929889080e-02
5.754054894621917632e-02
5.799778180670148858e-02
5.752187834216929835e-02
5.855437765188224036e-02
5.988243598280035274e-02
5.941719909897968249e-02
5.938118930551655739e-02
5.945425235651219387e-02
5.864285664419723043e-02
5.752894169886708930e-02
5.845494893548145582e-02
5.869332963342829834e-02
5.804809700207400058e-02
5.902058171569246614e-02
5.824440855624997415e-02
5.702761790022817939e-02
5.842772128498514850e-02
5.835661319834403726e-02
5.808398728736069438e-02
5.811121640812203643e-02
5.766742487920278187e-02
5.747969338643089954e-02
5.691838846404833480e-02
5.578759344141993870e-02
5.704304352584537580e-02
5.542145234487105832e-02
5.619977286088182616e-02
5.730154561276178810e-02
5.781058474817352133e-02
5.750283341691996702e-02
5.622096994522596258e-02
5.551425650918926508e-02
5.616330486400590571e-02
5.597405285751329285e-02
5.545442995893461874e-02
5.609671593899955705e-02
5.714808299179124917e-02
5.741641326535076861e-02
5.687116663916061410e-02
5.692423605697180533e-02
5.697865168360571886e-02
5.752596214645049749e-02
5.810660935183924874e-02
5.833153374235716671e-02
5.728493577090645883e-02
5.825423654960182329e-02
5.843142820937996529e-02
5.847556739859080532e-02
5.889374914947113210e-02
5.988192873272298045e-02
5.945268037113524834e-02
6.097934231931816801e-02
6.068832113168981524e-02
6.171381749250807319e-02
6.197406694417399026e-02
6.227591501393987816e-02
6.224378119487357364e-02
6.388767749345335145e-02
6.354076165228821071e-02
6.287190398530315139e-02
6.147123765109089449e-02
6.188013378488238514e-02
6.053169394949461934e-02
5.934920083443334660e-02
5.886219263578765931e-02
5.921980533994003482e-02
5.863287669172227018e-02
6.009305260417935335e-02
5.926166855052114601e-02
5.865355544299097335e-02
5.878449962330303813e-02
5.901723527830420729e-02
5.967887119571835264e-02
6.110847069056186964e-02
6.194394287564926327e-02
6.168054049556013357e-02
6.022087878495958890e-02
5.929133812914011425e-02
6.038316020888932073e-02
6.088714295734024701e-02
6.110585539293436619e-02
6.149615126027718759e-02
6.309201725922529425e-02
6.366564413440484183e-02
6.357865551885988342e-02
6.369290343776529140e-02
6.430277126457585590e-02
6.370452902758662328e-02
6.419909170132796772e-02
6.400266955998423768e-02
6.284896158820800494e-02
6.229804101679540379e-02
6.312108342909131253e-02
6.287762506900591852e-02
6.239246593841871885e-02
6.241553399866464624e-02
6.216829210900157859e-02
6.255534965373185652e-02
6.289977567630071487e-02
6.357531099417754183e-02
6.512158319078197033e-02
6.481799989475492407e-02
6.512043417954845037e-02
6.623467712431603538e-02
6.565964972797608268e-02
6.601957321156079472e-02
6.664288339131482775e-02
6.593968598987394458e-02
6.575289971163184033e-02
6.499115001210006848e-02
6.536661297868698317e-02
6.591199214231210912e-02
6.670113640037499125e-02
6.639509161118080371e-02
6.515625183867038150e-02
6.461425680179755382e-02
6.521398517733584255e-02
6.604519446441760311e-02
6.467932457182280770e-02
6.445760765014722782e-02
6.563709839089440501e-02
6.596326107055415500e-02
6.615548794166495328e-02
6.466480808424104887e-02
6.386398464683472331e-02
6.292162760848352132e-02
6.340173942652109484e-02
6.344025537015705873e-02
6.476902046434529492e-02
6.482618729524226853e-02
6.455267096698215357e-02
6.518731143415612550e-02
6.559110431556465504e-02
6.612956173116521508e-02
6.533246579088096417e-02
6.639262917495714067e-02
6.765264207465777890e-02
6.804967626612949683e-02
6.880613414692846042e-02
6.693794017268266117e-02
6.721763321099462341e-02
6.678219079053264451e-02
6.657620239386820293e-02
6.765812064013111693e-02
6.699801805952342038e-02
6.587120495179708823e-02
6.603928251482099610e-02
6.710573254337787175e-02
6.809811105197964565e-02
6.764417100894407064e-02
6.688069395248384674e-02
6.766135065716664954e-02
6.774583519753191174e-02
6.842127145984897019e-02
6.788077696983010889e-02
6.842211876416723348e-02
6.934002938257415039e-02
6.732901042336821018e-02
6.674149719875072106e-02
6.802496699922948309e-02
6.798858464221491094e-02
6.758290286850357487e-02
6.734206056448750755e-02
6.773430680644836055e-02
6.877348849593771518e-02
6.864146948564472939e-02
6.860376368218067122e-02
6.727753084860801924e-02
6.829272154821640350e-02
6.803152972552813094e-02
6.861460131799224094e-02
6.915236963695871319e-02
6.922634751412763687e-02
6.948095587804692386e-02
6.860537770181829309e-02
6.904035973938089932e-02
6.790512443127681708e-02
6.828882836845731608e-02
6.781179934705959533e-02
6.803953903602916187e-02
6.789126214193323683e-02
6.902006725886687677e-02
6.958950538367340843e-02
6.962114203981455141e-02
6.960213310552525179e-02
7.007359425195640312e-02
6.955528393773874329e-02
7.058120181369341439e-02
6.989120683645935750e-02
6.913185684842042267e-02
6.882665196780717032e-02
6.851439221358555931e-02
6.751157210951151677e-02
6.754151044673127602e-02
6.814086093190757643e-02
6.800684588391774088e-02
6.818697514746072108e-02
6.826150582444438786e-02
6.610141144854490836e-02
6.457524540542626534e-02
6.448272328846302304e-02
6.663532204802950776e-02
6.623617735215678315e-02
6.788388909917442149e-02
6.880063370413372348e-02
6.830455949437459762e-02
6.841819608169188993e-02
6.871744792597608842e-02
6.883532123341555564e-02
6.847812840672058698e-02
6.901646186798079952e-02
6.711413206000033105e-02
6.813584439859954323e-02
6.729383380735955156e-02
6.732581320655835200e-02
6.860055464294499694e-02
6.992893760842493200e-02
6.943955495043799275e-02
6.991427955912830894e-02
7.052546712274676555e-02
6.937322563754248772e-02
6.854786111201070786e-02
6.938882831692359809e-02
7.037980286636917604e-02
7.048586787592293901e-02
7.006560706110274983e-02
6.934312571887954468e-02
7.051156098398890515e-02
7.050958823313482893e-02
7.044412021586329842e-02
7.106635152478300854e-02
7.058583458627269713e-02
7.045304378871788953e-02
6.927239986330183119e-02
6.728037258202827775e-02
6.874050979148836615e-02
6.736255201321783570e-02
6.764805021505908289e-02
6.729179630236749310e-02
6.764050303957457044e-02
6.800783883376197714e-02
6.794910132051484863e-02
7.046620445536427857e-02
7.214075904296217423e-02
7.267890731324634646e-02
7.141299536046566421e-02
7.055347534319192371e-02
7.013981232385170517e-02
6.783138794213873501e-02
6.771835828661303125e-02
6.822944219065815719e-02
6.795273114309650919e-02
6.745689688666622885e-02
6.748059004840105402e-02
6.641619724566369398e-02
6.613628712529419362e-02
6.635527343677562195e-02
6.734574198984381865e-02
6.762397898405392294e-02
6.764002209697445034e-02
6.836677066006470460e-02
6.861962835289237006e-02
6.693631656372725502e-02
6.761543619009476036e-02
6.841232427128172977e-02
6.666949607170456760e-02
6.627777034706085202e-02
6.625355655790853004e-02
6.871580991743969635e-02
6.881990420801448183e-02
6.838515465032446450e-02
6.916574918280478379e-02
6.977196604000122926e-02
6.984937175625499650e-02
6.953885078310416412e-02
6.834134697386616553e-02
6.884039860052761084e-02
6.903265079144822736e-02
6.869616448091964145e-02
6.940345142225644304e-02
6.942395373677512360e-02
6.845520917706880704e-02
6.783210881961258820e-02
6.897782298274958424e-02
6.914632907083471947e-02
6.916344138419038001e-02
6.916653490957783146e-02
6.919284688497706615e-02
6.978559108221869811e-02
6.952437416941974202e-02
7.024108529431349890e-02
6.934997870709440349e-02
6.912979888603497380e-02
6.914645096738382402e-02
6.957159652110224413e-02
2.693280218107648241e-02
6.413519759687112687e-02
6.648857717994814676e-02
6.792605090475684060e-02
6.947251384439574740e-02
6.964343038651582551e-02
7.122512167383703019e-02
7.096470007091458532e-02
7.155472533452350570e-02
7.163007995016089369e-02
7.214811899920180183e-02
7.215841742057282904e-02
7.089078144670217518e-02
7.013718058907097985e-02
6.949985150647425280e-02
7.023653008932402575e-02
7.005025556773745998e-02
7.035315527649087242e-02
7.095618669014001900e-02
7.085297742166185575e-02
7.180362945335763691e-02
7.072716904656105308e-02
7.072068169376867497e-02
7.168863229916888624e-02
7.152199309157396268e-02
7.163909233977881763e-02
7.153313775529109020e-02
7.235298978940406245e-02
7.293043562615540709e-02
7.229516135729101289e-02
7.271553212659646881e-02
7.272727780804827402e-02
7.208178208616246307e-02
7.159537534199134079e-02
7.187852579506409656e-02
7.327556325620847300e-02
7.347553331389891640e-02
7.346928406603572825e-02
7.505320085266049823e-02
7.564627481333985326e-02
7.566978043133025522e-02
7.675969146217037631e-02
7.741153351226358337e-02
7.688943573985973501e-02
7.690232033026522807e-02
7.593922033759871459e-02
7.539203071628458597e-02
7.413093322272057417e-02
7.292771716379946312e-02
7.186927591263118920e-02
7.237704180713565305e-02
7.287549629635989290e-02
7.343808299384937954e-02
7.409734193426867344e-02
7.330589326897812841e-02
7.385467622262353871e-02
7.308162563685931257e-02
7.324868623527697187e-02
7.428696618414633301e-02
7.407134888043299947e-02
7.318980370260881607e-02
7.407063808029724916e-02
7.475436843456748082e-02
7.390597205390696256e-02
7.457862114692936917e-02
7.403095156066359650e-02
7.538338944312034107e-02
7.641468326049151438e-02
7.703643329586608302e-02
7.709779040211034440e-02
7.644266313831706017e-02
7.467065549157202164e-02
7.431961386272163683e-02
7.421276989228535459e-02
7.498183316051663938e-02
7.535448447262738103e-02
7.475696653954976012e-02
7.328929790412352929e-02
7.280334276904122659e-02
7.198655626188930901e-02
7.186089879018787985e-02
7.350457492205013377e-02
7.414814975438466238e-02
7.444420191395213771e-02
7.300433027117178564e-02
7.301842146003395539e-02
7.295386231782180486e-02
7.379707330559670542e-02
7.371150663623603216e-02
7.461848579746063748e-02
7.575055196411510650e-02
7.687930684206147058e-02
7.493836593679613356e-02
7.572765277577082899e-02
7.572706044373171685e-02
7.606333282658674089e-02
7.609390391061154890e-02
7.553371304680991938e-02
7.565049955596211961e-02
7.613418180809733427e-02
7.604473248232977711e-02
7.523391612971436215e-02
7.603697595172720369e-02
7.591907907832202984e-02
7.728948001809510249e-02
7.585312662797873140e-02
7.540451288080655956e-02
7.524485262340313563e-02
7.569153709582768230e-02
7.560968937084783237e-02
7.434351782786398355e-02
7.525548459152195391e-02
7.466843425116119481e-02
7.426113520078035657e-02
7.386578786245516504e-02
7.391772824723009949e-02
7.341458721010414579e-02
7.316318542314129147e-02
7.267223516077152279e-02
7.443733272001233636e-02
7.501814965285702463e-02
7.594419166044318048e-02
7.486953020388568969e-02
7.525659762576898670e-02
7.518408394321418609e-02
7.565427020515239076e-02
7.572904665342017339e-02
7.607649611659447753e-02
7.657133649055936075e-02
7.685554114965303940e-02
7.679406003710936846e-02
7.835140892100288246e-02
7.843310583232671052e-02
7.843789951353760670e-02
7.901119709999267215e-02
8.021837171605088190e-02
8.151143815915179447e-02
8.171366288056994276e-02
8.233233444412112190e-02
8.235382671845303815e-02
8.165395064480666931e-02
8.210705525583356090e-02
8.189809411639492609e-02
8.200067621768050707e-02
8.136004984020726860e-02
8.084188178139843639e-02
7.905285700089399736e-02
7.850695044859330729e-02
7.839772381331780449e-02
7.767580743837596002e-02
7.663522799115785045e-02
7.589186613646586865e-02
7.617149924324725929e-02
7.607929959388229357e-02
7.599757441914520295e-02
7.686853413296423909e-02
7.839967164067235261e-02
7.895699908038793235e-02
7.747546346065480039e-02
7.779635970393124211e-02
7.637430960646079958e-02
7.621387948230025355e-02
7.694128499398225629e-02
7.651825441092352520e-02
7.704741968357595172e-02
7.679178579212102285e-02
7.808415756148084919e-02
7.832541463012836214e-02
7.784168563579119127e-02
7.774944104188927230e-02
7.941055979076877547e-02
7.828397386017428572e-02
7.859823426606056540e-02
7.921498730100072494e-02
7.958311440845235174e-02
7.956007877909680726e-02
7.923023882204525969e-02
7.960756900325284546e-02
7.913973610114068136e-02
7.863582298154941919e-02
7.858312024484807867e-02
7.903406172778204564e-02
7.891932010117358454e-02
8.033170247985771395e-02
8.107773441254995106e-02
8.151438707793656757e-02
8.295898339172214087e-02
8.364802681451165289e-02
8.290393734403422865e-02
8.409619916100036230e-02
8.404886826487724394e-02
8.207706587467443471e-02
8.124732490183923794e-02
8.109706589985780922e-02
8.057905262238554411e-02
8.092560647134573737e-02
8.291132533837054785e-02
8.248609476038536170e-02
8.203197679122933850e-02
8.070761312238890206e-02
7.935433729189750318e-02
7.850769343832296465e-02
7.725899905603828000e-02
7.660957204958809830e-02
7.692114610805436681e-02
7.700372683721730394e-02
7.757614903683457408e-02
7.770849839385762792e-02
7.875943074745078709e-02
7.942918400840250082e-02
8.000458440601704302e-02
7.932197922842972038e-02
7.933046182234058941e-02
7.931266241533135863e-02
7.789600482869403486e-02
7.883464583000163173e-02
7.765819582715470515e-02
7.937220363601377171e-02
7.998048173812501160e-02
8.058187194772822859e-02
8.016554756322817610e-02
7.864809781398798827e-02
7.983200335223893107e-02
8.002442516094507297e-02
8.002633334212537475e-02
7.900325153446571824e-02
7.943384320047738867e-02
7.978776298830134173e-02
7.998691987480555099e-02
8.128560170170837096e-02
8.113518564346239303e-02
7.997370567412598330e-02
7.949128257743882930e-02
7.956813673393463293e-02
7.894272577592763296e-02
8.016555894282123562e-02
8.016561582555428722e-02
8.096349015765882950e-02
8.174292009645922619e-02
8.236965326237272178e-02
8.298503230004238007e-02
8.148615287036038712e-02
8.095968821299823204e-02
8.221651120279907521e-02
8.310254007512969665e-02
8.406407318903492965e-02
8.390419465996708237e-02
8.382411685342329444e-02
8.411892934618740714e-02
8.534919326543562168e-02
8.566750187958531437e-02
8.671587826251825337e-02
8.677644232717589279e-02
8.659881124383531081e-02
8.580922610056471167e-02
8.563970013070115739e-02
8.532123195312819874e-02
8.671119606988297868e-02
8.581019978053996966e-02
8.553030992296636881e-02
8.379775977544473564e-02
8.303868494308952464e-02
8.419499090562262977e-02
8.475035266301633730e-02
8.426827558655074213e-02
8.365488029814791004e-02
8.410640648442219147e-02
8.396460399257235641e-02
8.495351555705757396e-02
8.526871835849884895e-02
8.572593989596240249e-02
8.589261982000893914e-02
8.548099147954889288e-02
8.495087593180876417e-02
8.454484585562772880e-02
8.471195009174065094e-02
8.560649955534098410e-02
8.539068638671762357e-02
8.495130898414565701e-02
8.466531136216542963e-02
8.454872798814709600e-02
8.463407382211070307e-02
8.371207222030863093e-02
8.292342667266075495e-02
8.346428566050104192e-02
8.333985728376923363e-02
8.194297401792825786e-02
8.405503856940675644e-02
8.291272533154185609e-02
8.350916362672247684e-02
8.318012134724706019e-02
8.277681660232910632e-02
8.363497111435301556e-02
8.411261080368495624e-02
8.392400301421683306e-02
8.410353585401687815e-02
8.469330354496995561e-02
8.445467125627334481e-02
8.472676003009084467e-02
4.083546166436198555e-02
7.973235850068097208e-02
8.448277534081974349e-02
8.558299781552421159e-02
8.652805883845766932e-02
8.649077393802862002e-02
8.684013806910233224e-02
8.767510663519215153e-02
8.720137177819728413e-02
8.615004765230527273e-02
8.514870816761828387e-02
8.474189318188811437e-02
8.445654837935728798e-02
8.356072065743434807e-02
8.404255810649030600e-02
8.571673430141597827e-02
8.759963827608230336e-02
8.689084749730123514e-02
8.641845893801758383e-02
8.663233296927408400e-02
8.589915576597349778e-02
8.443785245735146994e-02
8.324958544173871600e-02
8.428189459894480651e-02
8.505755935415817981e-02
8.563623370312457850e-02
8.640506199552745736e-02
8.741078008338386274e-02
8.734413060092742487e-02
8.615864033709300096e-02
8.636313347227156378e-02
8.625971617162332683e-02
8.707627685079061264e-02
8.775212630637485578e-02
8.877037607115116635e-02
8.767561730469418391e-02
8.737364525396695836e-02
8.749699475050684572e-02
8.823792049188765307e-02
8.751402685886353061e-02
8.696510198439841299e-02
8.766681327949754632e-02
8.838652962972516625e-02
8.938679502929863796e-02
8.959984392908887374e-02
8.860386738623450553e-02
8.942703438339560940e-02
8.966929481516287825e-02
9.057185620637528412e-02
8.988686290247065169e-02
9.119359308538067810e-02
8.900125504254151332e-02
8.956128132161846056e-02
8.888222902843799511e-02
8.767677755003189244e-02
8.709093353787596137e-02
8.832537709963228512e-02
8.934040722108083088e-02
8.851638156272349789e-02
8.894218626522498727e-02
8.857098866065571396e-02
8.724612920151951501e-02
8.770443333141710041e-02
8.780342195009091522e-02
8.844432876830116141e-02
8.995822836171638026e-02
9.043424208989650492e-02
8.979804170514806005e-02
8.977774282185228827e-02
8.920203695745351768e-02
8.982088883282945968e-02
9.072559733067851739e-02
9.164536323556221609e-02
9.147556990003859190e-02
9.079273356305168907e-02
9.049203967850458219e-02
9.020618348989473123e-02
9.094250899469731586e-02
9.251988938904766313e-02
9.282871535449190026e-02
9.337199198795484434e-02
9.234739385523489663e-02
9.062088229479148271e-02
8.970047559432631212e-02
8.971493969872790242e-02
9.112627105671559924e-02
9.212880634193336415e-02
9.191560397668760429e-02
8.984071725672708453e-02
8.956338189617421564e-02
9.036346588685643944e-02
9.033329254457482527e-02
8.921994025015544949e-02
8.868277787495816578e-02
8.803824506652457860e-02
8.938076588482674056e-02
9.023609202170246313e-02
8.891521892019409179e-02
8.869094578451117150e-02
8.857564637290482601e-02
8.979731804337072465e-02
8.841827553081886559e-02
9.040962279194811324e-02
8.972402119735045645e-02
8.816326211443478722e-02
8.868799406661623252e-02
8.898085238806836827e-02
8.799375656518948485e-02
8.721142833754107204e-02
8.772553453337259000e-02
8.769856811058028556e-02
8.787856598662924235e-02
8.851779295755302090e-02
8.901768555662506466e-02
8.919618962161809939e-02
8.923975466116949862e-02
9.044025253312179546e-02
9.066864918352703084e-02
9.133032492921416834e-02
9.235301423160999224e-02
9.177278298120568334e-02
9.044300112564819527e-02
8.998589270347966129e-02
8.934098175529235630e-02
8.987707455803783940e-02
9.025276014574518113e-02
8.995576739970620461e-02
8.957338552996102488e-02
8.944827349742612288e-02
9.089378596387852338e-02
9.023433087251893359e-02
8.949046662374413041e-02
9.027403598473263124e-02
8.947338638981058856e-02
8.936386191294996839e-02
9.089523198864456199e-02
9.104171512227274277e-02
9.064420552329865988e-02
9.226648910583494512e-02
9.335287036913691994e-02
9.319259283080567891e-02
9.339347030172723274e-02
9.392557078297633644e-02
9.496037688818745326e-02
9.546618192513066370e-02
9.494509343452542383e-02
9.400069201640254279e-02
9.355592115926529562e-02
9.338886791796453812e-02
9.335541935209036579e-02
9.425899991941205647e-02
9.352486128176427937e-02
9.214937168759179675e-02
9.063263814785627037e-02
9.152309691442310491e-02
9.211310700386154959e-02
9.224571109749074571e-02
9.356267838414061844e-02
9.256929604796319822e-02
9.262355124329529898e-02
9.294488065775366459e-02
9.351261797817907173e-02
9.250564244545975146e-02
9.165301629278323203e-02
9.104842512235594709e-02
9.012371277545151715e-02
9.067885466755001844e-02
8.943549495377839387e-02
9.026767891737048910e-02
9.045036806749924552e-02
9.109936251457090295e-02
9.162271399722962673e-02
9.276959624042246944e-02
9.270080261391144827e-02
9.393861740046670350e-02
9.313363115262127123e-02
9.295076080937988983e-02
9.337726553565271759e-02
9.154276115441051243e-02
9.180445184772972889e-02
9.134635253971301605e-02
9.240469410066652622e-02
9.209321122358440914e-02
9.363131809202518419e-02
9.439569567294632535e-02
9.326183196237908257e-02
9.174303379040672779e-02
9.138748071119856542e-02
8.998128741994128321e-02
9.028060138926626010e-02
9.007608175416720320e-02
9.107833879387951248e-02
9.180479249076410608e-02
9.204460197249660081e-02
9.235884739892290252e-02
9.131606790566032528e-02
9.189332139366644669e-02
9.148763090240696894e-02
9.133275370066505638e-02
9.085680678637780838e-02
9.085265318926762090e-02
9.065750307241066119e-02
9.171110453328872036e-02
9.330795597208230152e-02
9.301736156523626731e-02
9.259688922114686638e-02
9.144928249438165346e-02
9.204391251536071794e-02
9.298200170254643238e-02
9.215708894587129607e-02
9.269977112077100456e-02
9.387288343694637216e-02
9.338288019209245450e-02
9.293095266900118501e-02
9.290335730524611202e-02
9.427676482252111967e-02
9.482282823168375341e-02
9.497261724301546415e-02
9.514406736135883058e-02
9.567108543657454334e-02
9.602949403186003541e-02
9.606476965765808895e-02
9.530308810798759911e-02
9.447312491282378044e-02
9.389467445401214474e-02
9.421293099420326167e-02
9.387441569272080011e-02
9.380302736866034941e-02
9.397018747699041608e-02
9.442906466736698812e-02
9.507248643964305579e-02
9.442216193037317185e-02
9.452832298030011682e-02
9.426030589166282947e-02
9.345358145443623255e-02
9.369255587829922183e-02
9.463593131223312083e-02
9.528375490452034580e-02
9.550574831514628549e-02
9.655388911961407250e-02
9.568258174461333199e-02
9.618080287507814463e-02
9.609880289268711573e-02
9.654826133675471767e-02
9.472297075914414000e-02
9.463643554319201012e-02
9.447182160080763724e-02
9.459887377963241417e-02
9.436486600766547106e-02
9.591316597225871265e-02
9.785161405542242008e-02
9.741121309801398231e-02
9.815060039845928397e-02
9.903174353475387159e-02
9.770070907114726533e-02
9.729659748919188000e-02
9.672999196145011525e-02
9.685844696287562727e-02
9.668121010685747085e-02
9.698140750251081632e-02
9.706906903877772497e-02
9.685234697792799441e-02
9.680404416703122794e-02
9.784502172897326100e-02
9.643073267135121585e-02
9.729342891514494718e-02
9.748738197487033519e-02
9.747273359122546332e-02
9.826144186838592365e-02
9.794910861939193358e-02
9.659369643527496163e-02
9.740948926318704348e-02
9.731368996851279263e-02
9.755212656866778242e-02
9.798938591894074124e-02
9.761592520136194717e-02
9.819779532909736486e-02
9.759460407308973018e-02
9.763809441245539789e-02
9.786266545889565904e-02
9.668774676734265272e-02
9.667942699017184616e-02
9.540012138371145589e-02
9.386865104068459198e-02
9.501164504730924554e-02
9.461818558862401807e-02
9.424676966956105351e-02
9.428152407837621374e-02
9.446732120305705027e-02
9.497799498786890782e-02
9.464433115811561603e-02
9.507782611229201319e-02
9.509896062400231831e-02
9.601025852274666650e-02
9.622982334250156089e-02
9.551913949461009190e-02
9.560209779739575753e-02
9.539701770516950674e-02
9.589906538192463636e-02
8.344034920551147982e-02
9.459415463936943214e-02
9.397413957811900920e-02
9.521258582257315084e-02
9.558605421043918360e-02
9.622612773480640480e-02
9.644828326844029354e-02
9.615819781118721543e-02
9.429970530258210970e-02
9.314185584547196584e-02
9.421437545584061823e-02
9.346084623620459775e-02
9.371516076932792649e-02
9.395775840251621713e-02
9.425690024481891971e-02
9.495920636701593587e-02
9.604372329264422581e-02
9.647130234206290067e-02
9.629642774809554773e-02
9.781460108160337785e-02
9.739631273118883048e-02
9.757623707019510984e-02
9.670210244934690502e-02
9.688600924887977306e-02
9.748786141323548260e-02
9.845540970986867146e-02
9.899250708019302625e-02
9.840700574308089421e-02
9.844368291974889273e-02
9.864782652144864217e-02
9.883615275389318056e-02
9.813674015198919909e-02
9.784739261409630684e-02
9.875858349908429867e-02
9.869375972677045528e-02
9.735434030992942689e-02
9.700394652235505566e-02
9.735413135744606927e-02
9.831237887459715052e-02
9.812151982583883214e-02
9.844843400454141025e-02
9.791143301273125266e-02
9.699074874009472325e-02
9.662477030341956596e-02
9.707606982738284374e-02
9.674034317619623069e-02
9.621776633164048909e-02
9.613639536940432606e-02
9.607872988036270101e-02
1.002106510030684183e-01
1.013576525582581128e-01
1.020192249334218038e-01
1.037026031299133622e-01
1.046517230960460898e-01
1.048825924461880971e-01
1.042473894170135584e-01
1.035165335183524243e-01
1.034933101460071420e-01
1.031570909245457246e-01
1.026431212262430837e-01
1.025903868189044083e-01
1.022999125892257721e-01
1.035436316997214307e-01
1.043054537338166388e-01
1.039011031154239567e-01
1.035195175541641643e-01
1.023403427304428875e-01
1.022025297287264545e-01
1.023120279266682281e-01
1.024648823575512735e-01
1.024712012543745748e-01
1.027165582295497814e-01
1.023754398664575294e-01
9.986916670668453955e-02
1.001974481997312538e-01
1.005635869341603289e-01
1.001802260592997568e-01
9.946512176573667208e-02
9.961847130492676450e-02
9.843104453080032956e-02
9.664088667051501380e-02
9.652402707329627018e-02
9.649265146915272928e-02
9.581493699738345693e-02
9.548842707219341863e-02
9.600924895124632319e-02
9.449713582458964256e-02
9.561433544148618957e-02
9.837063681524371717e-02
9.932514987021644204e-02
9.936774978220551391e-02
9.971668316724993653e-02
9.973526228636958590e-02
9.829413775810606768e-02
9.875844168724307037e-02
9.846497639567497462e-02
9.894418244875308188e-02
1.001137647325397451e-01
9.960366186783356501e-02
9.861359308995475137e-02
9.826502782188933915e-02
9.919175155130065258e-02
9.803184561724917478e-02
9.865942564658815306e-02
9.870476533745353720e-02
9.846521199419307202e-02
9.834046369621907147e-02
9.863968612450310647e-02
9.874732546144622536e-02
9.835768503501310378e-02
9.778226915733675972e-02
9.719542875240000379e-02
9.717716406797297091e-02
9.745648566936696011e-02
9.887853898168902367e-02
9.952845274927359098e-02
1.008752871197512307e-01
1.008721497154244640e-01
1.019003939398610142e-01
1.009917999159561514e-01
1.027949362572475878e-01
1.040140163458866118e-01
1.042197813041137178e-01
1.046214673750177487e-01
1.040536798229960980e-01
1.036944887037359875e-01
1.025831627174004224e-01
1.008680623925368169e-01
1.007674706317023133e-01
1.017444235682195552e-01
1.010976852730673947e-01
1.028419195953844262e-01
1.014330426303329952e-01
9.970911988972744333e-02
9.863017628574773099e-02
9.728578823193988201e-02
9.795199314925627510e-02
9.685076647842291719e-02
9.676880632258756665e-02
9.688666616525155872e-02
9.642856045836442624e-02
9.683534206047242354e-02
9.725024830068064452e-02
9.708020173777577588e-02
9.700053262190355685e-02
9.792271689010285940e-02
9.731032944860967815e-02
9.824047576568449569e-02
9.793228312435843519e-02
9.883524517711977930e-02
1.010325619079059517e-01
1.029696557581438188e-01
1.039673135303455231e-01
1.054258356703655641e-01
1.071044327242102467e-01
1.083992462808392593e-01
1.095723786555424656e-01
1.106293927575476843e-01
1.138145988983005896e-01
1.149768094733678164e-01
1.147658345940753694e-01
1.147374528999904331e-01
1.146006730072672841e-01
1.137364761090518539e-01
1.117983018921724359e-01
1.090010235318662757e-01
1.079785205028921391e-01
1.039127673244037570e-01
1.019444466781618125e-01
1.016567281709286896e-01
1.019539614435275993e-01
1.014306464746928260e-01
9.945707541115073047e-02
9.839535968925934573e-02
9.819019519244472083e-02
9.775847717322502795e-02
9.698927720405027542e-02
9.635048564322051812e-02
9.625707587266697784e-02
9.662250906871612532e-02
9.698939742948833875e-02
9.651575126143609185e-02
9.642505447385046891e-02
9.732374354514819470e-02
9.630882858718259332e-02
9.658351258584424448e-02
9.721391177160286501e-02
9.846215471823427379e-02
9.911576810616720690e-02
9.792424021760791353e-02
9.914082111663224950e-02
9.994250172599973558e-02
1.000959023858586927e-01
9.919863453669394704e-02
1.001342955507836391e-01
1.000972940186058563e-01
1.012433589849548315e-01
1.000554386965623599e-01
9.946939111250291399e-02
1.003145284650544949e-01
1.001677206803267411e-01
9.964662719181816009e-02
9.990410234891071439e-02
1.007058009911110386e-01
1.015689024767180426e-01
1.024265512760042240e-01
1.021496122193120137e-01
1.032845991516830736e-01
1.034844205343289913e-01
1.030319409436511874e-01
1.032714286870482640e-01
1.029071931816415292e-01
1.042790316728409855e-01
1.028155099111350418e-01
1.046592550073505851e-01
1.052628137367313949e-01
1.044757101844153158e-01
1.055866463057556770e-01
1.049639856033499907e-01
1.050399713691121256e-01
1.058041129612625753e-01
1.058026722611105364e-01
1.061682681549205171e-01
1.050898612867268711e-01
1.053310614202032369e-01
1.051484244964478593e-01
1.044567463906070498e-01
1.055477156771035124e-01
1.066497404890992123e-01
1.058979731994985490e-01
1.050110004555710463e-01
1.045855697542634744e-01
1.055970842124151626e-01
1.063173466753754015e-01
1.060514064909691134e-01
1.061205441276686368e-01
1.068496245098140840e-01
1.054383455277386333e-01
1.048022714789611093e-01
1.046535225694202043e-01
1.045232298669693666e-01
1.046378474041176204e-01
1.047545106346590704e-01
1.053482609793768843e-01
1.049991779087275090e-01
1.053701143471823393e-01
1.052296487447350604e-01
1.052369089844429201e-01
1.048240820186682187e-01
1.035351294484826296e-01
1.033067814948960134e-01
1.024480495491085219e-01
1.023770929142031466e-01
1.005437328352615789e-01
1.010490333323871559e-01
1.009703147007031954e-01
1.016969807874586185e-01
1.014404759876987028e-01
1.031701946830047012e-01
1.033056049997085890e-01
1.018657553460143445e-01
1.023662915485151759e-01
1.021803462256956063e-01
1.010493245500528880e-01
9.982104549725476228e-02
1.003005589481980320e-01
1.011123136003242440e-01
9.998905530686767740e-02
1.013908551537384684e-01
9.988710363355185473e-02
1.014907217724076438e-01
1.014359087365738071e-01
1.012210952324903990e-01
1.022650188608844463e-01
1.024948166539380034e-01
1.023318867887634820e-01
1.018540021215311314e-01
1.029550756954605711e-01
1.035475655247267979e-01
1.025337683542647538e-01
1.011865397707667757e-01
1.012362652480987696e-01
1.020864712268089863e-01
1.018913012007693908e-01
1.019926263076734729e-01
1.025035512699720014e-01
1.030974475287928932e-01
1.030317556546307967e-01
1.036347052346082570e-01
1.042422166319114246e-01
1.038253395937977497e-01
1.040053094048907500e-01
1.037680663042709200e-01
1.029105838882379553e-01
1.032906368241249262e-01
1.027831160477436223e-01
1.022217677939199904e-01
1.029188618700602187e-01
1.033339169255760304e-01
1.121922542133761830e-01
1.031904697047777431e-01
1.031533199824931080e-01
1.028599562681564161e-01
1.025852068992915006e-01
1.033412253421658600e-01
1.037219746413409055e-01
1.034781115889755604e-01
1.039681325433525622e-01
1.024360187914929998e-01
1.033592587318795109e-01
1.045214454961676531e-01
1.049097894853344148e-01
1.058576734610279235e-01
1.058260658782946284e-01
1.054633091048358673e-01
1.051112093142781145e-01
1.061617288745669019e-01
1.065938560868583268e-01
1.071478914085459699e-01
1.060630760704424080e-01
1.070260826458653836e-01
1.063028588307289024e-01
1.069784041744589465e-01
1.078498385835309908e-01
1.076785318227640592e-01
1.070009012412943827e-01
1.074246899240401953e-01
1.089394591515707583e-01
1.091067540977793543e-01
1.080406394805066839e-01
1.085120104806408386e-01
1.075335777858072855e-01
1.067873908344299932e-01
1.077255465711596111e-01
1.073019402261401467e-01
1.066658788451837481e-01
1.054172225307159344e-01
1.045029423594713985e-01
1.041687166911273166e-01
1.029761661375108439e-01
1.044417367094304244e-01
1.043035096250845284e-01
1.050446470232242746e-01
1.046764413884383460e-01
1.042612039683012137e-01
1.035887845105037813e-01
1.033779582528349811e-01
1.031882788955840874e-01
1.033706830516555319e-01
1.041308817593874503e-01
1.044170409215815359e-01
1.046778612099226735e-01
1.042505348394902331e-01
1.051458964524529804e-01
1.059159936787915229e-01
1.069549410144632895e-01
1.081622423019825557e-01
1.087380986238684621e-01
1.088553946992408261e-01
1.084581622767656212e-01
1.070926587436077659e-01
1.074698893140699774e-01
1.076155093198283286e-01
1.076291645984068790e-01
1.065686516042617937e-01
1.064282556719322870e-01
1.056691561400973367e-01
1.053533940819910975e-01
1.053160305541038649e-01
1.040301608493615637e-01
1.036640009266137502e-01
1.049134736082421582e-01
1.053807684190337240e-01
1.065710077844093800e-01
1.057718666222731835e-01
1.069547502260124183e-01
1.057975601139562460e-01
1.064224701943615181e-01
1.071455631620378962e-01
1.070998880210030785e-01
1.061705873611146211e-01
1.060890026587528179e-01
1.057353705451515719e-01
1.071885854728658743e-01
1.084922734655524856e-01
1.070258840576581438e-01
1.067335611937252349e-01
1.081687494904938901e-01
1.089614589067922773e-01
1.086917705120598321e-01
1.068404300981745242e-01
1.058979360518493840e-01
1.061020751675302298e-01
1.061967733084030335e-01
1.049348893800381294e-01
1.049834600359518116e-01
1.048302856718315718e-01
1.047429146566287578e-01
1.053538685455426283e-01
1.060354014580468518e-01
1.062976095818083250e-01
1.073743655606460567e-01
1.063850243509598531e-01
1.066325424071876138e-01
1.073373593147260163e-01
1.068528203006020028e-01
1.053270982062517319e-01
1.044533236210118399e-01
1.046459424738069854e-01
1.066467193403037722e-01
1.058694370475520563e-01
1.059436633856820076e-01
1.058614347184091975e-01
1.055757898881274914e-01
1.050927244414854300e-01
1.042862997018936533e-01
1.038946976493672070e-01
1.034603959478734847e-01
1.041458810152074838e-01
1.041064777108575146e-01
1.036641278113209497e-01
1.052940541544374886e-01
1.062586907076856768e-01
1.056788991328859728e-01
1.051032700699410100e-01
1.046260776944727966e-01
1.047158295782563697e-01
1.049810118898150679e-01
1.063663275839004385e-01
1.067862390014470003e-01
1.067617058833236210e-01
1.070868372216077086e-01
1.065982871968465251e-01
1.054381581521019184e-01
1.061700949344834832e-01
1.071090243670265035e-01
1.074274690274091421e-01
1.074567323951877429e-01
1.082396491449932469e-01
1.082212648332007837e-01
1.085699423960371224e-01
1.098845960948512251e-01
1.103923844791545594e-01
1.116401955349738268e-01
1.117440061156793063e-01
1.120834872883277877e-01
1.103212509230085542e-01
1.103977781291272109e-01
1.109797251863769846e-01
1.114482740597952937e-01
1.108347556104752329e-01
1.101661996169560481e-01
1.094158640115302783e-01
1.083305089635241691e-01
1.087926485274845617e-01
1.094438347319334065e-01
1.084997896362381448e-01
1.096669859980802103e-01
1.102896906307794245e-01
1.105501027105814799e-01
1.094604495622396589e-01
1.100640234611365981e-01
1.099084412836003194e-01
1.095301036460717414e-01
1.096375091307288524e-01
1.107074464060687768e-01
1.105570452281755822e-01
1.107977517153048846e-01
1.104174401595577754e-01
1.112370078432992626e-01
1.127198299745654775e-01
1.121558430969924053e-01
1.123488151838478166e-01
1.135664659766445345e-01
1.134187775950478150e-01
1.125739830554806781e-01
1.116734260591331074e-01
1.133876834766752717e-01
1.120081708717499958e-01
1.102868966707029053e-01
1.105361661907313942e-01
1.116046126658541138e-01
1.120665601579025616e-01
1.125590601592714179e-01
1.118444741468217485e-01
1.121350181807752727e-01
1.118609875442553858e-01
1.120541345048290394e-01
1.113144965147874754e-01
1.119294354897415467e-01
1.113815058517064749e-01
1.111497545339191345e-01
1.108347092376455456e-01
1.105124087468665889e-01
1.111763826688909190e-01
1.102400194345253548e-01
1.106446049133306408e-01
1.105760904811123879e-01
1.094111011147311796e-01
1.095299797345499482e-01
1.088829066430132553e-01
1.087201107692080948e-01
1.089281815035785528e-01
1.071116234359354435e-01
1.062477171631550504e-01
1.060338089747097784e-01
1.053252771322303744e-01
1.047500148198176606e-01
1.050578770984562926e-01
1.049582304957340784e-01
1.061871257864818868e-01
1.067137156177052071e-01
1.070935837918141065e-01
1.068170586686872786e-01
1.064721737674968471e-01
1.065663143111052202e-01
1.055381744369743857e-01
1.048286337841501381e-01
1.043078402421472872e-01
1.050159147316911679e-01
1.059243502920693553e-01
1.060071638881578543e-01
1.056345841729443846e-01
1.056396895446773398e-01
1.068778918130062899e-01
1.069778460422638605e-01
1.067741214324153809e-01
1.075546927143459786e-01
1.071557045385912316e-01
1.069841776987421333e-01
1.079730848005919785e-01
1.080695278379003865e-01
1.077604075419245772e-01
1.065886544283462661e-01
1.074783786488675563e-01
1.077099959525392309e-01
1.068828961525718768e-01
1.062784331241589525e-01
1.058520418217449022e-01
1.066853193185302029e-01
1.061769445674184686e-01
1.052377921237788727e-01
1.052248735158500398e-01
1.063656300114926706e-01
1.054985212216219548e-01
1.068333857331538878e-01
1.087014427436947400e-01
1.092770727769194761e-01
1.080511620370210174e-01
1.081452689988736948e-01
1.071981674796860101e-01
1.071368712937517120e-01
1.079817298502883660e-01
1.072166073147008958e-01
1.069264552305330684e-01
1.054655627287554992e-01
1.052358752686518018e-01
1.054054410009833964e-01
1.052338759345806951e-01
1.047917565917998450e-01
1.057776740789332648e-01
1.065891717896661484e-01
1.059274160261099440e-01
1.078678802985013202e-01
1.081181276874121910e-01
1.091599005850464599e-01
1.091847186184605606e-01
1.100016973623719613e-01
1.107475535805241135e-01
1.109041985888006843e-01
1.119281816785646644e-01
1.117915112926277238e-01
1.120740317829138077e-01
1.122998685238479899e-01
1.112931726661684356e-01
1.109561697658598134e-01
1.111659743497886155e-01
1.104608669706489410e-01
1.107137441059841826e-01
1.101989457426356261e-01
1.082729662922628233e-01
1.086195080346479824e-01
1.083018488611520169e-01
1.079628999640671050e-01
1.077404437674180926e-01
1.086474103337175534e-01
1.091605422298857486e-01
1.079699230415793326e-01
1.072658871415758108e-01
1.081571235077881526e-01
1.086490802464569055e-01
1.081564166374826413e-01
1.084169510717449408e-01
1.080549354450355548e-01
1.067971830090715113e-01
1.064595473615430610e-01
1.067442939821846432e-01
1.051104896496861674e-01
1.000742932507037442e-01
1.078962980964214141e-01
1.103775326902626114e-01
1.107911270414360383e-01
1.098822382324354807e-01
1.091389558740298443e-01
1.074586066810455098e-01
1.069852866628408644e-01
1.070546772651607831e-01
1.085921048022686908e-01
1.081525765225974239e-01
1.096214791390406340e-01
1.091859790939388453e-01
1.086146757183306111e-01
1.078875976436142053e-01
1.094722700290822470e-01
1.098961822949704736e-01
1.090434982925887336e-01
1.076210464822252438e-01
1.071637595379734825e-01
1.075069476054659190e-01
1.082162513889912692e-01
1.072399715253326002e-01
1.077225456980289708e-01
1.086326594571122572e-01
1.071268197737989258e-01
1.074161592050372760e-01
1.083371066116529252e-01
1.070187784623804206e-01
1.070989607570331792e-01
1.074771371488966176e-01
1.080621871007552137e-01
1.067699082692202678e-01
1.088431129798563407e-01
1.085759093322105628e-01
1.081937372560513033e-01
1.071707823757184902e-01
1.080307634150728807e-01
1.069601557171727946e-01
1.076360579633378473e-01
1.061497816598788585e-01
1.061476086682301284e-01
1.059302657532037312e-01
1.074994013156597428e-01
1.083740776047312226e-01
1.086806968924420441e-01
1.101169514379777559e-01
1.081000100311753781e-01
1.076768265927759982e-01
1.074940022747100238e-01
1.092524340853437553e-01
1.087958771683706360e-01
1.091942478920633203e-01
1.083124805811315899e-01
1.088278923779061880e-01
1.078428667946957770e-01
1.084663795367615535e-01
1.085532357349525551e-01
1.088245495820428232e-01
1.088131986491287367e-01
1.091855866648892975e-01
1.092530500814278271e-01
1.092311414957582161e-01
1.096363082265151556e-01
1.104240591593211862e-01
1.091698678580553250e-01
1.096166329561123060e-01
1.099562592295682678e-01
1.101897170420125527e-01
1.103839092510199987e-01
1.093607661230110994e-01
1.091735495915655552e-01
1.091812404566244316e-01
1.095478899071052892e-01
1.092719768603429842e-01
1.091103381741171524e-01
1.084679605678630643e-01
1.081477141327256419e-01
1.073026113523388309e-01
1.071261087833929038e-01
1.082554291166719640e-01
1.082305611386147615e-01
1.098989378353925767e-01
1.095468296906681460e-01
1.082978096026502163e-01
1.081211164592665724e-01
1.081150539130067423e-01
1.084824066230324346e-01
1.088009037161899450e-01
1.087872565398978753e-01
1.084059283999467410e-01
1.088653232860718190e-01
1.078891026263220781e-01
1.069258959978145740e-01
1.076364373440578115e-01
1.081605125374786730e-01
1.084972035006172980e-01
1.086954421909514523e-01
1.090001344830660579e-01
1.091386887011863566e-01
1.099563621051724421e-01
1.107207488913479754e-01
1.104625294595914381e-01
1.107796018101910029e-01
1.128535231095172259e-01
1.128647518385106213e-01
1.136084864923194715e-01
1.147501615307669198e-01
1.155020881238590924e-01
1.158082899385460274e-01
1.132209806810013375e-01
1.139887482811860892e-01
1.142504117024214089e-01
1.126621311371102802e-01
1.092565254525144636e-01
1.072162220055027371e-01
1.062025261332692899e-01
1.058471696860172478e-01
1.055863960245762984e-01
1.059994267573364513e-01
1.054753657720183951e-01
1.053146268630756471e-01
1.057439956739259501e-01
1.048386659488781403e-01
1.052803521343454590e-01
1.047280787298627280e-01
1.059294165273929472e-01
1.047838981852548673e-01
1.064250822386908490e-01
1.072714544543659776e-01
1.054537007536628518e-01
1.058344778533272940e-01
1.063955459329223585e-01
1.057903123298006981e-01
1.050044028389229833e-01
1.050021018537083961e-01
1.055234883035580662e-01
1.074297558991693519e-01
1.072356426844604249e-01
1.054594080307336701e-01
1.060927711527480943e-01
1.053271838262599680e-01
1.071712832328179099e-01
1.070269988625838498e-01
1.079644728087742478e-01
1.075785675240933381e-01
1.091293768580176571e-01
1.098128346128814381e-01
1.096233902692267670e-01
1.083535254047924001e-01
1.070564380624060008e-01
1.072511562189761430e-01
1.060419890949121924e-01
1.047485970841716130e-01
1.067128317217978933e-01
1.064716342190391019e-01
1.072245511184017341e-01
1.061989948726057842e-01
1.059333059412351646e-01
1.072697445586927451e-01
1.078430334112689543e-01
1.084306569266315218e-01
1.085150291911435999e-01
1.070097285387127672e-01
1.072845333397114964e-01
1.088794627670647275e-01
1.083298874256604788e-01
1.079098025806412009e-01
1.089756303104898322e-01
1.094108816490305114e-01
1.091739237781322869e-01
1.086164571141334662e-01
1.077202265967900363e-01
1.070944665709239185e-01
1.072119735030869214e-01
1.075431190202280618e-01
1.067600016911633837e-01
1.064351834205433250e-01
1.061759036600433970e-01
1.060029189292280016e-01
1.067148993172422067e-01
1.064400148888776931e-01
1.059640874833397001e-01
1.057165088311250445e-01
1.057344882049037066e-01
1.046579793635973588e-01
1.056617076747847772e-01
1.055533241410694933e-01
1.063604417345523356e-01
1.055220108237272386e-01
1.062204722712181415e-01
1.061428106462690701e-01
1.056825926906288377e-01
1.063164857487831627e-01
1.052341144304078935e-01
1.046126580455308402e-01
1.056618128741953488e-01
1.053856304808289956e-01
1.050375910970517551e-01
1.039499982099106878e-01
1.035618147188299976e-01
1.032422968826256782e-01
1.034700914788110188e-01
1.015725982187703491e-01
1.016099861915078367e-01
1.025850333221541288e-01
1.031406995288418060e-01
1.037742746280433670e-01
1.040157752491008281e-01
1.044098974041907102e-01
1.040850731297525977e-01
1.054325437200786669e-01
1.062888816330252589e-01
1.065662539102528727e-01
1.055086810680530285e-01
1.066327064361184268e-01
1.071036951171823737e-01
1.068155176623505898e-01
1.062518549651919469e-01
1.068986522562617725e-01
1.065518386562550462e-01
1.069548631141650080e-01
1.062853498891590115e-01
1.051454249462976942e-01
1.055464209209905219e-01
1.062522724433891119e-01
1.052838210477473196e-01
1.058950047135438360e-01
1.055560211421530808e-01
1.054463581370709280e-01
1.041419951925082882e-01
1.052147697850501357e-01
1.059932829443303998e-01
1.050543220748303003e-01
1.044607605454234700e-01
1.042110414818296360e-01
1.044968819730256043e-01
1.066651663506062581e-01
1.077193068049765307e-01
1.080380771344223723e-01
1.074948348634101186e-01
1.086509781626114751e-01
1.090288275294761383e-01
1.092432659409722506e-01
1.091151772914716322e-01
1.099995702920477242e-01
1.097020258071108173e-01
1.102572196748132782e-01
1.092014868465762123e-01
1.064621130619589906e-01
1.046860340321959654e-01
1.031676805970889871e-01
1.018116273954800255e-01
1.012713596119972914e-01
1.008233081563392891e-01
1.028130423965067375e-01
1.031001246676355454e-01
1.026059787146964553e-01
1.029023058305424121e-01
1.032534732099320146e-01
1.036122725425367846e-01
1.044209229992454219e-01
1.045048282964426978e-01
1.042291625592851878e-01
1.012842920810922975e-01
1.026726066130127235e-01
1.035902499286233819e-01
1.043773462037742017e-01
1.050336287021581411e-01
1.046584952068140839e-01
1.049610939795883047e-01
1.052374938594298759e-01
1.063507150201871421e-01
1.067177440952260803e-01
1.091994102914755349e-01
1.078181933837314282e-01
1.088222188178007005e-01
1.093119020654746837e-01
1.096329405305862814e-01
1.099306243073694261e-01
1.101699088900271462e-01
1.109749095193404422e-01
1.127164868787484953e-01
1.129444582352051446e-01
1.140584102411758005e-01
1.134181859751105109e-01
1.126226962827082262e-01
1.126343439230420018e-01
1.128553376244464945e-01
1.108076915815047192e-01
1.104045296386760855e-01
1.098690199947480739e-01
1.084456000277104898e-01
1.066109929997129391e-01
1.075979301244008035e-01
1.062532275274027244e-01
1.057310852655181377e-01
1.037604723540146018e-01
1.030021644522823299e-01
1.065256092076177774e-01
1.056966549076561457e-01
1.055546348250049893e-01
1.061853642841717876e-01
1.062363493894305649e-01
1.059560530649766436e-01
1.062000222106059405e-01
1.067165329924684020e-01
1.065384604769451099e-01
1.064353039313008786e-01
1.067902412357066011e-01
1.076250430280619730e-01
1.067802632632317145e-01
1.070045599911502859e-01
1.071257544406733209e-01
1.061564718934180918e-01
1.069000377841025362e-01
1.062187337711421042e-01
1.059383194158536184e-01
1.060978769081845074e-01
1.061861996384330653e-01
1.048258879253584075e-01
1.063724876864058921e-01
1.075784205597051790e-01
1.098407852692834807e-01
1.090271919915568599e-01
1.078576152078222078e-01
1.071728319218607645e-01
1.059068186057894184e-01
1.053773009453437270e-01
1.048536652164990396e-01
1.040224097519066304e-01
1.046313848458728102e-01
1.046901007801851469e-01
1.048083756257989080e-01
1.045663737993993286e-01
1.046713231738605199e-01
1.051910554039228451e-01
1.040880034324035419e-01
1.032126964799205127e-01
1.044999726743860713e-01
1.055533739619408246e-01
1.049863582772731230e-01
1.040555729947374303e-01
1.047725093818360764e-01
1.061493052453558739e-01
1.069623264449616890e-01
1.067824227172875090e-01
1.079430896469919382e-01
1.091537758127977820e-01
1.102114184367808392e-01
1.095281174269801677e-01
1.086662468243559387e-01
1.085533991346362692e-01
1.082355802623254371e-01
1.091745344361967629e-01
1.092914297070149421e-01
1.087513237520144616e-01
1.089837386156251586e-01
1.092199288658492196e-01
1.082281106863222098e-01
1.071872892578768222e-01
1.074268934800063635e-01
1.075514981163090411e-01
1.061152427208508081e-01
1.051716282933448376e-01
1.052145848178386578e-01
1.049189386705841609e-01
1.055155589168989272e-01
1.055399520506895006e-01
1.062954136770551394e-01
1.056187621434140356e-01
1.047748601187124262e-01
1.048581692068644433e-01
1.049533153358820914e-01
1.034849178226152633e-01
1.031867314644608902e-01
1.038967482290753114e-01
1.036649776964859715e-01
1.030845872540503971e-01
1.030354199742279930e-01
1.038383070694297444e-01
1.039686365156212988e-01
1.039053998508389087e-01
1.041884414815787141e-01
1.044214004281653896e-01
1.037788650001642554e-01
1.039831373017008898e-01
1.054637233600936030e-01
1.061645322949809067e-01
1.072756110218674730e-01
1.058455318568711778e-01
1.071557528273073684e-01
1.082184448637188157e-01
1.093114109004069273e-01
1.095108947108539010e-01
1.089324105558250183e-01
1.106537462845503805e-01
1.124152214905611430e-01
1.111806770087876289e-01
1.097428185530540667e-01
1.108617066728892486e-01
1.112657253472252306e-01
1.098974592819260548e-01
1.099180520911014897e-01
1.088708178984891389e-01
1.080540746479791842e-01
1.093042657456970157e-01
1.102803616475498405e-01
1.107917965538732785e-01
1.102424275075903765e-01
1.104157155436161358e-01
1.106307254849232119e-01
1.111651201588907817e-01
1.116348182250346821e-01
1.123401893393148471e-01
1.127235166292055446e-01
1.118381404643900706e-01
1.112831408517655218e-01
1.105028847911544015e-01
1.097235693579030474e-01
1.091897214826075546e-01
1.085240776318879413e-01
1.081064312976935810e-01
1.091682293479104005e-01
1.085685626915263713e-01
1.090406466520384421e-01
1.089394054649035076e-01
1.081328423979788789e-01
1.074683541390452773e-01
1.065400606071704170e-01
1.065559676414768175e-01
1.064086210916553726e-01
1.066867662887778928e-01
1.065990864583285652e-01
1.060200447011059588e-01
1.060851749140052647e-01
1.063785749825792992e-01
1.072502013104622842e-01
1.073126757504815343e-01
1.065595460841153308e-01
1.055367747722887883e-01
1.064515802279262791e-01
1.052059546103734089e-01
1.054610907201665448e-01
1.051886975209406910e-01
1.059560172913928122e-01
1.068118308357873802e-01
1.078146153323093215e-01
1.080576034534662666e-01
1.070909753291769406e-01
1.068780532326454591e-01
1.072073792319633290e-01
1.074069257095073282e-01
1.076474306665212155e-01
1.079339366235130826e-01
1.080962852625470955e-01
1.079788478059809931e-01
1.071505200462362084e-01
1.066863855810199491e-01
1.068659826946102565e-01
1.073333256798959523e-01
1.063239531526808251e-01
1.069658991867744047e-01
1.076343375262719254e-01
1.084669521461611996e-01
1.085827924158067753e-01
1.077924480011888397e-01
1.083606289660587890e-01
1.069643617993103757e-01
1.067006020220185036e-01
1.062222739762191948e-01
1.059136612919981402e-01
1.061361668712580975e-01
1.070349884699992454e-01
1.073209775041807784e-01
1.075728412836634978e-01
1.082710652739516527e-01
1.064920373829639777e-01
1.054987505384033519e-01
1.075834566588646513e-01
1.072830103581208089e-01
1.070080396572836295e-01
1.069994289298091678e-01
1.073070267754562129e-01
1.069812929199262519e-01
1.063214583307057204e-01
1.072715387744197779e-01
1.080451311562818928e-01
1.084231566710835148e-01
1.093214408825052830e-01
1.075318835485723074e-01
1.068744418736254365e-01
1.073411375869041395e-01
1.059728747940168747e-01
1.063522032545427820e-01
1.069195623401167777e-01
1.066409178315686906e-01
1.065475799180530675e-01
1.066528474938255866e-01
1.044278620209765363e-01
1.049232881912638971e-01
1.046569568890900748e-01
1.051025966344433793e-01
1.047790789692410185e-01
1.047433431622468158e-01
1.049870277916977179e-01
1.051695946539132343e-01
1.051544629775221784e-01
1.048093987763193402e-01
1.048514907988548628e-01
1.052448965055671204e-01
1.052140668461744033e-01
1.061568998263509728e-01
1.062857582010568458e-01
1.039355663241836869e-01
1.039360124347833009e-01
1.036779464410550883e-01
1.040258136882339229e-01
1.037341234077001906e-01
1.047498576658308922e-01
1.050520099501495719e-01
1.059557715458413346e-01
1.071726321222554734e-01
1.073769729049227212e-01
1.059307040136489297e-01
1.064558535890896551e-01
1.054210344023085721e-01
1.061770374864158956e-01
1.061376473950303989e-01
1.062171699252897200e-01
1.049899666368813850e-01
1.047224234641979113e-01
1.050910721890071092e-01
1.059783718273992897e-01
1.056480169037794098e-01
1.058490709070270541e-01
1.053726196698439033e-01
1.055205663879204975e-01
1.051891875934742732e-01
1.045794005527440895e-01
1.056121343010456848e-01
1.058048762122587166e-01
1.049848737496003326e-01
1.055979396381195312e-01
1.065889446451673134e-01
1.069854323106396859e-01
1.072985359115600917e-01
1.067490350423178080e-01
1.065562775071497159e-01
1.064842696480498979e-01
1.065852622533824540e-01
1.067715989032421570e-01
1.076181295887388006e-01
1.080402344455277386e-01
1.067505223058190789e-01
1.072751594814575216e-01
1.077405082368658173e-01
1.067067725175197546e-01
1.048135720164046492e-01
1.050601397430239725e-01
1.057261032797641165e-01
1.061545663014682311e-01
1.077788258239361086e-01
1.077472480072094729e-01
1.079007188283130775e-01
1.065974205349401460e-01
1.072746580530717780e-01
1.073291344955075721e-01
1.078687219395963598e-01
1.074678415702955275e-01
1.082200722597809195e-01
1.101867561765836057e-01
1.110535142858639635e-01
1.071317431423503275e-01
1.058388600410032909e-01
1.031497675441288564e-01
1.020568143312553799e-01
1.006807280654115344e-01
1.005115750279060721e-01
9.939494999575572420e-02
9.995153593116033741e-02
9.961483727831031698e-02
1.001800981592188000e-01
9.949436931971750164e-02
1.006411772326692988e-01
9.868187947460263509e-02
9.915387870519135061e-02
1.010708899777790215e-01
9.985148176338874693e-02
1.004200590733950738e-01
1.025071539188483344e-01
1.029153612935464202e-01
1.022191775814404180e-01
1.021315802208879325e-01
1.024969957742038473e-01
1.024373328588221721e-01
1.025751257272058681e-01
1.029995859310946643e-01
1.065146820031464964e-01
1.023885008627600374e-01
1.016372111917711596e-01
1.010958453622076425e-01
1.015842657884764438e-01
1.013038150018301525e-01
1.006310675871393834e-01
1.014759733089827531e-01
1.021755004904099651e-01
1.026757409103568053e-01
1.039453970029084878e-01
1.046110391836284070e-01
1.049927954530969765e-01
1.074816603585431879e-01
1.071617508210553071e-01
1.069914315089836726e-01
1.059680608872229091e-01
1.049526224245209138e-01
1.056589103728147738e-01
1.060977999912555148e-01
1.075615136470070565e-01
1.070971609076873110e-01
1.073569476042065818e-01
1.075667962261369071e-01
1.066358774856151215e-01
1.061889785481448523e-01
1.056965296760405959e-01
1.074353616678247469e-01
1.069548751793782948e-01
1.060464458283365136e-01
1.063868983779613364e-01
1.060017388279889394e-01
1.063450209713886485e-01
1.050451416037267161e-01
1.055282944546790391e-01
1.056519941441341620e-01
1.056024062947039238e-01
1.059363206685137310e-01
1.062857121882084394e-01
1.077152742367755434e-01
1.070603555218179043e-01
1.070295452134879394e-01
1.070279639552875750e-01
1.046209382391572185e-01
1.041791251181003047e-01
1.048023950497802004e-01
1.045825590029993424e-01
1.049271592803488612e-01
1.045549034570284475e-01
1.051527703665583457e-01
1.058496186225270502e-01
1.059182649727474362e-01
1.055727977333262707e-01
1.055449609576055298e-01
1.056310795168488997e-01
1.061331481796723708e-01
1.062794088147157034e-01
1.052650464018825283e-01
1.058000273906539307e-01
1.059306216056754152e-01
1.051822872931306718e-01
1.058456725204827004e-01
1.053774525070394069e-01
1.066961192528059765e-01
1.072458556858882917e-01
1.069552168224884303e-01
1.068451509624221557e-01
1.067387762085862807e-01
1.074988977969450893e-01
1.076013131564431541e-01
1.096500658275472856e-01
1.108502591867283615e-01
1.109206916794031050e-01
1.102205013949991708e-01
1.089929926581073016e-01
1.096667430089409284e-01
1.110946118333703964e-01
1.104171190808153763e-01
1.107065043920246739e-01
1.110277833352407706e-01
1.116547291761455646e-01
1.115080138841108709e-01
1.113597299146726477e-01
1.115735969989066351e-01
1.111627048650563054e-01
1.120228004463801330e-01
1.111358066652130411e-01
1.095931404325413139e-01
1.084402597470220803e-01
1.086272846253055341e-01
1.081197361646866195e-01
1.075353783694823484e-01
1.084606616647598304e-01
1.064988874847774963e-01
1.072695894692323182e-01
1.080122927617514911e-01
1.086918247923241848e-01
1.082648958701150355e-01
1.079648409850714891e-01
1.069598131650353889e-01
1.058699524748007853e-01
1.052139634853876543e-01
1.049025809480256949e-01
1.051689290505232743e-01
1.053800785305510496e-01
1.061929213789001292e-01
1.055152861471361503e-01
1.055914026047861110e-01
1.040260219493472083e-01
1.043047744018720802e-01
1.037545881929242270e-01
1.038488556352304137e-01
1.046350363530831884e-01
1.038916044115947568e-01
1.022912394200174574e-01
1.038684228159423573e-01
1.048631122754856010e-01
1.055151957051915501e-01
1.050011056327715686e-01
1.034193734966013800e-01
1.030895445193917709e-01
1.040617635670870317e-01
1.036787067434130905e-01
1.045921792448980397e-01
1.030792974684085900e-01
1.018686003727539702e-01
1.013261752690614997e-01
1.020420846525838671e-01
1.029648998534985760e-01
1.031212398485895076e-01
1.049886858968903103e-01
1.057510504027611431e-01
1.054338057005637375e-01
1.057505523235613698e-01
1.057432177978137600e-01
1.047524789236284060e-01
1.044282203862693659e-01
1.048420302146917255e-01
1.064596933374015592e-01
1.062445599392212447e-01
1.069681652684611878e-01
1.064657638847135851e-01
1.047820209994138746e-01
1.059225192206938310e-01
1.058528369465381314e-01
1.048737096720601669e-01
1.030660359642816409e-01
1.038428312674713888e-01
1.021251486399306768e-01
1.003954295411608744e-01
1.002786961391057829e-01
1.005409997477545031e-01
1.011159178831285976e-01
1.016265645930301276e-01
1.020332589471675822e-01
1.036335217156580807e-01
1.024352890523238246e-01
1.043119520396943445e-01
1.048283246345982217e-01
1.047180612025109120e-01
1.035017197682320672e-01
1.026116427311592472e-01
1.032538211806549450e-01
1.050151141347372974e-01
1.053740164631134929e-01
1.048856450612518088e-01
1.064545209212102855e-01
1.076371409884527425e-01
1.082815959409359902e-01
1.075751194182359288e-01
1.035927857649341643e-01
1.008083489561972385e-01
1.004676118582735339e-01
9.955146314020231479e-02
9.949187531835890219e-02
9.964344303078266629e-02
9.923469668478247796e-02
9.903510888490686670e-02
9.915875025692721945e-02
9.978190330658615048e-02
1.000644747102445165e-01
9.968074410141861130e-02
1.006151981636208143e-01
1.005869781085945436e-01
1.001727289650373720e-01
9.968041601546884234e-02
1.003247910736602133e-01
1.014945139852964084e-01
1.022546228482336672e-01
1.026979973733103124e-01
1.038697361363898342e-01
1.051584948176206569e-01
1.063406323438041423e-01
1.068293562587231960e-01
1.069905992885327034e-01
1.079457244862674359e-01
1.078947672409021341e-01
1.077674538773955304e-01
1.073392085850080335e-01
1.073456746580411791e-01
1.080356277479272570e-01
1.077221982177111737e-01
1.081919370336850844e-01
1.090802211694876234e-01
1.090608658874476639e-01
1.098853311747532147e-01
1.097507142179114936e-01
1.102831385900137073e-01
1.109099577719154794e-01
1.113581328144087057e-01
1.104782868187146883e-01
1.108473444886049902e-01
1.080477656069418479e-01
1.061953034099860221e-01
1.076448826126600172e-01
1.080012749823643370e-01
1.072435695466941036e-01
1.069183238766382299e-01
1.056265734103318810e-01
1.054079090176815170e-01
1.056380808781164637e-01
1.064506764030689612e-01
1.068819087207974194e-01
1.058203797394077911e-01
1.054759982606794377e-01
1.075490588670592190e-01
1.066250517571848688e-01
1.070251968979579610e-01
1.063470959564324220e-01
1.054563832707597487e-01
1.052458745397511913e-01
1.051503331674262798e-01
1.052427976469883647e-01
1.058457911948069152e-01
1.061834502188086643e-01
1.074463844660117351e-01
1.084228037295531105e-01
1.070194508923866528e-01
1.079016397416086986e-01
1.076924981505241186e-01
1.084395511929292094e-01
1.081267686705562892e-01
1.087016710540516240e-01
1.087136783769797610e-01
1.093573015810575255e-01
1.089914715760910008e-01
1.089605439114449403e-01
1.067386517470257923e-01
1.061080451201224240e-01
1.069091002299925180e-01
1.079070839383355768e-01
1.075041815311164328e-01
1.066661731939015784e-01
1.051482706800755951e-01
1.050349101253753442e-01
1.062063329752970520e-01
1.073908064231592213e-01
1.080849416949267727e-01
1.066094520431818404e-01
1.075377435319955777e-01
1.076475574777658456e-01
1.060811588036855158e-01
1.046303897164518465e-01
1.046604916044712452e-01
1.043961837777204055e-01
1.047811085561351913e-01
1.053890778283033680e-01
1.044271251026470532e-01
1.042560879182017203e-01
1.052540367492778017e-01
1.055961909372978291e-01
1.051928200746060638e-01
1.057693680396800673e-01
1.061112625674914406e-01
1.058427884334813829e-01
1.014145625984397558e-01
9.901767685569977384e-02
9.956239792602099292e-02
1.000786026167090476e-01
1.002148099926852831e-01
1.011899970611289251e-01
1.016283573187338335e-01
1.012753009032895807e-01
1.001343108274612148e-01
9.906989185907684459e-02
9.915133459723632359e-02
9.962353629902126473e-02
1.010359835125833189e-01
1.022813819941880004e-01
1.007585120876065832e-01
1.006408629901345275e-01
1.005697931758743890e-01
1.006861908676297129e-01
1.005645740187973702e-01
1.002625071078777214e-01
1.009219765083703146e-01
9.966667191624445366e-02
9.961586918382658862e-02
9.850137036288258985e-02
9.285649775558663110e-02
1.024326159018780213e-01
1.017139713320652783e-01
1.017166923826056113e-01
1.003722162371692567e-01
1.009333616040283543e-01
1.012431934733708100e-01
1.002268820194968380e-01
1.006994294698316667e-01
1.011215517865114571e-01
1.011190502881788023e-01
1.026784500398046085e-01
1.032524290060813366e-01
1.030314478919591159e-01
1.042143560573181305e-01
1.040726023176646448e-01
1.045097413034731249e-01
1.053673589049342330e-01
1.054781755428764040e-01
1.051787703108695848e-01
1.051260033527160742e-01
1.054091167363771508e-01
1.051259330129692277e-01
1.062725313806513611e-01
1.061878459031082439e-01
1.061194899873395825e-01
1.063807292994126963e-01
1.052043644343744061e-01
1.067723669894703742e-01
1.065405377249457886e-01
1.076765798948662867e-01
1.093747248335408540e-01
1.107098654106496716e-01
1.113083649908230416e-01
1.121103472596383377e-01
1.140322796540710198e-01
1.142095884517118631e-01
1.144071735606378981e-01
1.146741606823585835e-01
1.140104297010345047e-01
1.136304262699533996e-01
1.138523560484324265e-01
1.153261498322374901e-01
1.159140755918315613e-01
1.173740086486877304e-01
1.174993176307164711e-01
1.168851039908382905e-01
1.165586311447700113e-01
1.161639126975837072e-01
1.158643875987787758e-01
1.131496491741417199e-01
1.113630569759087863e-01
1.102502856832513478e-01
1.095572615245021253e-01
1.083962541178396660e-01
1.078500541126083817e-01
1.073211352335978752e-01
1.030840233737547185e-01
1.005172254360172657e-01
9.903868452343303486e-02
9.821202204710738348e-02
9.793779925922473095e-02
9.890544535842621388e-02
9.903443967238489964e-02
9.769585291865039156e-02
9.726242372205078091e-02
9.745439904228536676e-02
9.751594961873388812e-02
9.759526410357306780e-02
9.889347217421234904e-02
9.939718871662407695e-02
9.911965869184924394e-02
9.923438088213108743e-02
9.925823375455140873e-02
9.940306059703368780e-02
1.003704369050723300e-01
1.004762407102022248e-01
1.017161169640653090e-01
1.024644394820299759e-01
1.035270281849596102e-01
1.027958620663786821e-01
1.029170286739934936e-01
1.035868235119576375e-01
1.029782919769793720e-01
1.028434193380052819e-01
1.018915228533956996e-01
1.019950641678379483e-01
1.022152130478961862e-01
1.023054034773710486e-01
1.027568565466542572e-01
1.037748154546437873e-01
1.045490614081632103e-01
1.056772603042700348e-01
1.051428738143378450e-01
1.051755564867643405e-01
1.050134439851408141e-01
1.054353611964344711e-01
1.055406393209421118e-01
1.051518698605892199e-01
1.056539087892033324e-01
1.072585011801800436e-01
1.086715149281308190e-01
1.084333274671910319e-01
1.074597251891205030e-01
1.076480200487875405e-01
1.074690568039435024e-01
1.068998689317941508e-01
1.074410288968493526e-01
1.078016267306172726e-01
1.081102424465442829e-01
1.083214542567637884e-01
1.089244329399772920e-01
1.097690383953381921e-01
1.099543042052232161e-01
1.096353337623886537e-01
1.093125045800785733e-01
1.098274849267893566e-01
1.098885523092789085e-01
1.105991234356273056e-01
1.106566397113683958e-01
1.095832891570220485e-01
1.103587358066659835e-01
1.106074687801155143e-01
1.111336205518042020e-01
1.108849596313516150e-01
1.102304188083842312e-01
1.100824916388539326e-01
1.099020508651747802e-01
1.109224669805993768e-01
1.100198816151952974e-01
1.110758775985594415e-01
1.110065118754534619e-01
1.113516343514949353e-01
1.121857414251220542e-01
1.129761845771462964e-01
1.122185840851604582e-01
1.116004529329280015e-01
1.122679077314454044e-01
1.135490707413557288e-01
1.142956156945595936e-01
1.126151074742852698e-01
1.139226722029146877e-01
1.132835640792662635e-01
1.128014383288078737e-01
1.119475035017680753e-01
1.120467645786986099e-01
1.129979739527017246e-01
1.127647241433775149e-01
1.123858887173280752e-01
1.129095249763920061e-01
1.133901177574190983e-01
1.118505370609609306e-01
1.121047614930700542e-01
1.120080390427144884e-01
1.110506992385242309e-01
1.117736878286932356e-01
1.131418943321819137e-01
1.128721554085180823e-01
1.119332031049271869e-01
1.102260880371290774e-01
1.106325952186014150e-01
1.113448771373857921e-01
1.109721755226847906e-01
1.120050415477086281e-01
1.124086791454464579e-01
1.122579447213774284e-01
1.108947406017157800e-01
1.087333423342952826e-01
1.080680587357285560e-01
1.067734766212018044e-01
1.040616807780196107e-01
1.021172392396985373e-01
1.010037106121878109e-01
1.002614056272209953e-01
9.819918841462316195e-02
9.796632008711786410e-02
9.710686802863691125e-02
